1007
1017
1029
1095
1103
1107
1110
1137
114
1143
1153
1154
1160
1164
1167
118
1184
1194
1195
1203
1221
1227
124
1241
1250
126
1282
1288
1297
1313
132
1339
1357
1361
1376
1379
1411
1434
1444
1447
1461
1465
1476
149
1496
1500
1510
1526
1531
1538
1557
1561
1586
1598
1602
1607
1610
1622
1633
1636
1645
1657
1685
1687
1690
1703
1708
1726
1738
174
1742
1765
1782
1809
182
1832
1835
1852
1870
1871
1897
1902
1928
194
1950
1972
1976
1983
1984
1985
1989
202
2030
2034
2036
2045
2051
2061
2062
2087
2092
2097
2104
2106
2144
2154
2208
223
2240
2253
2263
2267
2268
2279
2298
2316
2327
2331
2332
2341
2346
2359
2381
239
2393
24
2405
2408
2422
2425
243
2430
2439
2447
2448
2450
2463
2468
2474
2478
2490
2491
2499
2503
2510
2512
2514
2516
2522
2536
2552
2580
2586
2590
2625
2629
2630
2647
2655
2680
2702
2734
275
2753
2769
2772
2777
2778
2790
2795
2797
2801
2808
2843
2846
285
2864
2866
2872
2883
2886
2891
2902
2906
2907
2912
2932
2939
2946
2948
2952
2956
2960
2961
2965
2974
30
3021
3034
3043
305
3051
3056
306
3078
3094
3097
3133
3134
3137
3142
3147
3157
3160
3165
3170
3175
3179
3182
3190
3203
3205
3221
3222
3234
3244
3273
3283
3304
3307
3309
3311
3317
3334
3339
3342
3360
3366
338
3394
340
3400
3409
3411
3418
3423
3424
3426
3438
3443
3444
348
3490
3494
3501
3512
3522
3526
3527
3545
3551
3592
3597
3598
3601
3614
3625
3637
3639
3649
3664
3673
3676
3680
3686
3696
3709
3714
372
3721
3741
3749
3750
3754
3759
3775
3791
3794
3797
38
3811
3830
384
3842
3844
3845
385
3850
3856
3857
3875
3889
389
3896
3911
3912
3913
3914
3916
3917
3931
3933
3938
3953
3956
3960
3978
3999
4004
4009
4016
4019
4020
4026
4040
4052
4054
4070
4076
4077
4078
4080
4081
4104
4108
4109
4123
4134
4148
416
4171
4180
4193
4201
4211
4218
4219
4221
4228
4236
4238
4241
4308
4321
4337
435
4379
4383
4391
4393
4397
4403
4410
4424
4433
4441
4456
4458
4462
4471
4483
4488
4494
4508
451
4510
4523
4535
4544
4569
457
4586
4589
4595
46
4601
4610
4621
4625
4637
4653
4659
4660
4666
4678
4679
4686
4710
4715
4716
4722
4729
4739
4748
478
4784
4806
4810
4821
4823
4831
4840
4851
4858
4869
488
4886
4896
4898
490
4912
4914
4924
4928
4931
4949
4960
4964
4977
5013
5014
5017
5031
5045
5049
5057
5077
5092
5099
510
5109
512
5123
5138
5151
5156
5166
5170
5177
518
5182
5191
5194
5205
5207
5211
5215
5273
5275
528
5305
5312
5341
5351
5352
5357
536
5360
5375
5390
5394
5396
5402
5405
5425
5477
548
5484
5508
551
5524
5536
5576
5578
5589
5597
5599
5604
5608
5621
5640
5642
5679
5687
5691
5695
57
5710
5734
5743
5760
5761
578
5788
5805
5815
5826
5840
5845
5852
5855
5865
5871
588
5885
5891
5900
5901
5924
593
5937
5940
5947
5958
5982
5990
5994
6025
6037
6038
6044
6062
6098
610
6108
6116
6125
6129
6130
6135
616
6164
6178
6179
6180
6185
6190
62
6216
6221
6232
6238
6241
6253
6258
6267
6268
6277
6281
6282
6301
6303
6307
6335
6354
637
6381
6385
6392
6406
6418
6419
6469
6483
6494
6500
6505
6514
6518
6519
6528
6536
6539
6558
656
6562
660
6608
6618
6621
6627
6632
6658
6661
6662
6675
6677
668
6688
67
6701
6716
6721
6728
6753
6762
6775
6807
681
6817
6823
6829
6834
6870
6871
6877
6880
6895
6900
6928
6941
6945
6957
6964
6982
6998
7004
7005
701
7028
703
7040
7043
705
7068
7070
7077
7082
7083
709
71
7102
7109
7123
7126
7149
715
7159
7170
7182
7187
719
7198
720
721
7213
7226
723
7234
7245
7253
7264
7278
7281
729
7311
7319
733
7330
7333
7339
7342
7344
7346
7373
7378
7380
7382
7384
7392
740
7402
7406
7433
7439
7444
7464
7472
7483
7494
7496
7501
7506
7511
7528
753
754
7545
7548
7562
7569
7577
7598
7621
7622
7626
7637
7639
7640
7646
7663
7685
7687
7688
769
77
7706
7708
7713
7721
7745
7755
7771
7772
778
7783
7788
7799
7812
7826
783
7832
7835
7839
7852
7858
7870
7871
7888
7897
7900
792
7936
7937
7939
7942
7959
796
7962
7975
7988
7991
8021
8050
8054
8057
8064
8068
8088
8095
8098
8114
8128
8172
8179
8181
8198
8207
8216
8220
8221
8228
8231
8254
826
8269
8272
8273
8274
8294
83
831
8310
8311
8315
8321
8328
833
8356
8358
8360
8369
8388
839
8403
841
8424
8425
8486
849
8506
8516
8521
8547
8599
8617
862
8633
8636
8649
865
8654
8657
869
8693
8707
8733
8737
8739
8746
8755
8760
8763
877
8790
88
8808
8812
8820
8847
886
8879
8882
8884
8896
8899
8906
8907
8908
891
8912
8917
8918
8919
8934
8937
8941
8947
8954
8961
8965
897
9023
9024
9041
9054
9058
9062
9065
9078
908
9081
909
9091
9095
9097
91
9107
918
920
9205
9208
9211
9212
9221
924
9258
926
9264
9267
9269
927
9279
9299
930
9301
9307
9329
9336
9339
9357
9364
9376
9382
9394
9396
94
9402
9408
9412
9436
9478
9488
95
950
9500
9538
954
9541
9559
9565
9584
9591
9599
9601
9619
9624
9632
9649
9657
9659
966
9666
9670
9685
969
9691
9695
9705
9706
9718
9731
9747
9786
9791
9794
9796
9816
9817
9820
9822
9825
9835
9837
9876
9887
9894
9907
9927
9944
9945
9946
9974
9990
