715
5341
4586
2629
8879
4228
4236
8172
3896
6957
839
9876
8216
7170
3234
6632
1972
9062
3664
174
24
5576
182
2267
9624
4054
385
7788
3614
4715
8879
2630
2961
9559
7198
5049
7182
3938
5077
2062
4931
8808
3750
9091
6518
6500
6658
91
6282
4076
5352
2422
3912
8254
5057
9054
1500
5840
9794
3714
8760
243
5760
7378
372
7444
733
9500
4077
6536
1221
1461
6418
2801
3133
2408
6505
3721
5394
6038
5031
8884
3490
1203
9024
9041
5396
9705
4020
9364
6098
9382
6823
2883
1227
5524
4219
1095
3931
8506
2279
1742
616
703
4840
6608
6381
5578
833
6130
5826
2051
340
4821
701
1703
7622
966
536
3680
7004
4858
3775
1376
9695
7646
3857
7028
1989
2447
7109
7402
4019
1361
1586
1726
7626
3043
490
7339
3794
2087
3444
2030
1950
7888
6185
9619
7897
1902
5177
7077
3625
9269
114
6180
5099
7344
8755
5871
3913
9208
3182
6880
8919
9412
2512
6519
6627
7772
2316
833
3592
149
3978
9685
2734
2474
7149
3830
5151
5207
792
1633
729
7621
9488
2843
7433
1357
3203
1195
4241
8649
8221
3842
1110
2932
8021
7483
9436
8941
2097
6253
2106
1250
4123
7637
2154
3443
5815
2586
8954
7187
1160
4081
8310
5402
6500
8908
9408
6870
6232
1708
3307
7382
2448
3686
6528
5937
2795
4610
7687
1203
6044
126
865
7900
3034
930
6701
1137
3157
3914
5608
3179
3411
720
1598
5852
1983
4508
2514
2952
4678
3409
3221
124
285
5710
4337
7832
1447
891
6062
4462
8054
2490
593
1687
2778
6941
4679
3170
8947
1465
9279
7562
8095
7858
6688
2425
1007
7988
6829
2268
9307
3597
9538
3137
5390
4433
3094
862
4379
886
7577
6335
7663
7226
8272
8328
578
1526
783
8269
4410
67
4494
6216
4180
77
8654
3304
6753
7959
3147
9691
7373
6514
4739
95
8088
8064
1164
4052
4193
4886
7330
5405
7688
4898
6494
7311
4080
9791
6419
2580
3134
9478
9837
2939
338
9894
3142
4831
2405
8737
2912
6621
4078
924
3960
8907
2327
8321
920
1496
5958
8912
3749
6877
2946
841
2503
488
8633
8812
3494
4722
548
9946
8733
7685
57
7384
5687
5640
2956
2144
1852
754
2381
2208
1870
3545
8820
7333
457
3160
7319
1976
1809
9097
3999
306
62
740
831
709
1194
551
2510
3400
7439
6675
3394
6762
6539
194
4391
2625
719
2808
927
8599
4806
7392
7264
8961
8228
3426
8424
305
1167
2253
9402
9945
2450
7511
6662
1434
9820
9747
5691
5788
3051
1636
4108
6281
6281
2846
2906
8947
5589
7281
2036
1339
5092
9601
2778
7070
2439
6964
5425
6392
8879
8294
5642
4483
4912
7706
5734
5990
7745
2886
1184
9796
8486
897
6716
451
9211
5599
9670
8274
9081
7159
2777
9329
7380
2240
8179
8098
849
7123
9299
528
2491
2430
9357
9264
6025
4218
4748
705
223
7102
5805
3078
8917
7545
4148
4686
5743
5045
796
4201
2092
88
709
8273
9396
3311
4535
3797
5357
5182
8181
6823
7501
2332
6945
6900
8617
5205
7839
2034
1379
3165
7942
2331
7342
2536
9649
1685
9258
610
5275
588
7771
950
3244
7406
4715
4924
6807
510
3856
7126
721
3205
5477
7871
5761
1602
5207
1738
6823
5014
3696
7083
5508
6354
7962
4949
6277
753
7852
1510
4403
6817
1017
9817
3283
6135
7783
4424
8068
3423
2647
8882
3673
1153
3334
8311
5166
1313
7496
5982
4928
7721
7402
5215
4625
4211
4134
9591
4716
2795
1029
1928
1645
6871
908
9786
348
4040
2341
4621
8231
4510
7569
71
1444
2104
7346
4104
5013
3797
660
9212
8790
5360
3501
9267
3097
2864
3875
3956
1282
954
3953
8707
9023
6661
1897
1835
6108
8896
8050
8356
681
3845
9301
7528
3676
4424
6129
4595
1690
7245
2590
8847
6775
4321
6190
2346
4601
5194
4637
6928
6469
9221
7835
5211
4523
2522
4109
8934
3512
3360
7939
6728
3021
3342
6241
9825
5865
2960
3418
5123
9078
2298
9706
4729
7713
9990
7234
9659
5710
6406
4171
4544
6834
5604
118
7755
4488
3311
518
132
6998
9095
3598
5536
6307
6562
8899
5994
9974
2552
9657
4471
9731
5484
46
9205
3741
9058
1871
869
8755
5578
6268
969
6753
5109
5312
2753
8521
3309
8763
9329
9336
4569
6558
8636
6982
9336
275
4589
3850
512
8906
3709
9944
826
3999
7068
30
6267
1985
8057
4397
9339
8388
3527
2478
4308
4456
656
4441
8128
6895
2393
4949
2797
5695
2772
1103
3273
1832
9584
3424
1297
4026
8369
4823
3649
1610
2463
6301
9816
3222
1984
384
926
2680
778
909
4238
3811
8516
7548
5845
4659
2702
9907
9822
5852
3366
1143
7991
8425
9565
8358
5017
3190
3637
3916
1531
8547
4660
6267
1241
7826
7082
3889
7406
5597
4666
3759
668
7812
7253
435
3754
2891
1557
6677
9835
7639
4009
5679
5156
8114
7472
7708
7598
2516
4710
5191
656
877
5621
7936
5940
6178
4009
8918
6385
9887
1154
4070
5273
9376
4016
2965
4869
1411
9065
3175
5375
6238
6721
4678
3056
8198
3601
83
38
389
2872
2263
5891
2655
8207
8360
723
3917
7975
4729
5885
1227
7040
6483
3933
4977
2359
8739
6335
918
5170
3791
4393
4964
3522
2045
1765
8403
1476
5900
2907
2902
4383
5351
2866
7870
6618
2974
6037
6179
3339
5013
5901
6303
6258
7213
7640
9394
2468
769
9599
7043
8657
1622
6539
4221
3844
3526
9718
869
5924
8937
1510
4653
3438
1852
4810
5947
2298
4960
1738
6125
9666
239
1657
6221
2790
7506
1538
4784
8693
7464
8746
4914
668
3551
2769
3317
94
1782
478
1107
4004
202
9927
2450
7494
4851
7278
4458
5138
2499
8965
416
6116
3639
8220
2061
3911
7937
2946
4123
5855
1288
7005
4896
9632
7799
5305
2948
1561
9107
1607
8315
6164
637
9541
